16.60610741
17.41854522
7.929163762
18.53043319
23.42168242
6.803135843
21.54624893
6.293762542
15.02594462
11.42584051
11.4359043
12.15914056
21.40225015
16.959142
13.74363157
42.79865909
188.7322036
20.82108939
28.23668139
27.14868554
12.71190215
12.30437328
122.0330239
76.44053072
99.08599448
89.35783654
185.8219433
43.17291416
43.55833669
18.29020252
35.14878799
12.66846553
7.517316337
69.49568228
114.1953303
110.8592576
15.46336621
56.540679
31.7871837
35.7559056
28.20690814
45.77455823
54.63220527
10.17538943
37.15948668
154.0055479
125.6697949
39.82735371
55.50977116
48.53112398
122.3210167
48.69645628
21.43774789
25.95311169
81.01794002
65.76744748
75.34255504
14.33264941
22.81710707
56.90210533
70.62997061
47.96455909
47.15328341
27.50012097
82.60380394
148.9062262
131.9638895
124.8895684
85.87602703
122.3664246