72.58909841
74.91919016
64.02487503
121.1524014
111.1444677
164.8230685
167.8740664
21.33810543
194.1583658
60.84924712
19.65791067
170.9032222
100.9624305
104.7636244
93.16883397
83.41661549
8.496395719
64.89714784
31.70149669
34.25831627
79.24462793
15.32868935
36.97489372
92.85828725
27.27376999
35.42953873
48.19058953
20.65202046
34.28388952
8.032550475
52.60557254
57.11810165
41.78130767
124.3587313
30.74781398
6.815000765
68.62604773
13.72093318
25.56490803
36.58373278
46.01634925
17.1952626
8.087338122
9.664831748
7.240986872
28.88986621
6.596831916
50.45803436
10.7330106
18.3484239
15.10608214
33.20930665
40.54836454
37.43960465
4.864705452
34.3011796
20.28395308
20.97664472
26.9727373
7.332559024