62.96335838
84.01974001
48.67265117
94.57721897
17.48131271
30.42842016
64.30633482
18.01213713
44.68036318
28.44679339
33.71915475
26.3435704
25.48164009
22.52330932
30.34401133
29.85431978
10.13619098
18.53844535
5.536190204
49.61847749
43.71541311
107.6824202
60.69481982
61.60723738
24.84641369
34.98913017
31.81659962
34.64162241
41.44969368
16.07277207
44.6437123
69.84775428
81.65086474
39.86181891
68.82526321
127.7036474
51.33807721
11.68514619
16.96319964
24.68162072
8.111792017
28.40953273
20.51373515
12.53632281